0.2000 0.1960 0.2000 0.1980 0.2000 0.2000 0.2000 0.2000 0.2000 0.2000 0.1980 0.2000 0.2000 0.2000 0.2000 0.2000 0.2000 0.2000 0.2000 0.1980
|
0.6980 0.2340 0.2000 0.2540 0.1840 0.1520 0.1700 0.2000 0.1940 0.1940 0.1780 0.2220 0.2300 0.2480 0.2040 0.2280 0.2980 0.2200 0.2140 0.1940
0.5960 0.6900 0.1880 0.2240 0.1940 0.1500 0.2680 0.1800 0.2280 0.2160 0.1500 0.2040 0.1840 0.2440 0.2300 0.2700 0.2860 0.2480 0.2940 0.2080
0.5820 0.6740 0.6440 0.2580 0.1740 0.1560 0.2340 0.2020 0.2500 0.1960 0.1540 0.1700 0.1440 0.2380 0.2040 0.1680 0.2180 0.1860 0.1840 0.2140
0.6440 0.6240 0.6540 0.6940 0.2160 0.1540 0.2360 0.1960 0.2320 0.2360 0.1560 0.1960 0.2000 0.2020 0.1960 0.1340 0.3200 0.1700 0.2080 0.1880
0.5560 0.6080 0.5940 0.6280 0.7840 0.1660 0.2160 0.1940 0.2380 0.2560 0.1840 0.1700 0.2820 0.2800 0.2040 0.1540 0.2600 0.2140 0.2380 0.2260
0.6040 0.6720 0.5740 0.6400 0.8280 0.7120 0.2160 0.2140 0.2940 0.2140 0.2380 0.2300 0.2480 0.2540 0.2660 0.1340 0.2640 0.2220 0.1660 0.2020
0.5800 0.6220 0.5400 0.6000 0.7660 0.6660 0.7720 0.1900 0.2860 0.1540 0.2280 0.2160 0.2180 0.2280 0.2620 0.1180 0.2400 0.2100 0.1700 0.1780
0.5440 0.5840 0.5700 0.5840 0.7460 0.5980 0.6880 0.6720 0.2620 0.1940 0.2180 0.2100 0.2300 0.2000 0.1980 0.1820 0.2060 0.2080 0.1720 0.1780
0.5480 0.6520 0.6640 0.6480 0.7340 0.6120 0.7200 0.7060 0.7060 0.2040 0.2240 0.2800 0.2460 0.2840 0.2380 0.1760 0.2340 0.1760 0.1440 0.1920
0.5720 0.6040 0.6440 0.6040 0.7560 0.6000 0.6860 0.6660 0.6340 0.8400 0.2300 0.2780 0.2820 0.2140 0.2060 0.1600 0.2280 0.1940 0.1900 0.1280
0.5280 0.6040 0.6400 0.6260 0.7280 0.6100 0.6720 0.6160 0.5760 0.7600 0.8300 0.2480 0.2360 0.2160 0.1900 0.1580 0.3000 0.1980 0.2320 0.1460
0.5460 0.5680 0.6480 0.5880 0.7000 0.6420 0.7040 0.6000 0.6320 0.7620 0.8000 0.7420 0.2240 0.1740 0.2280 0.1840 0.2500 0.1960 0.1840 0.1600
0.5480 0.6120 0.6100 0.5820 0.7480 0.6160 0.7140 0.5980 0.6000 0.7620 0.7800 0.7500 0.8180 0.1780 0.1860 0.1680 0.2520 0.1660 0.1940 0.1780
0.5400 0.5600 0.5820 0.5720 0.7320 0.6040 0.6500 0.6200 0.5700 0.7300 0.7680 0.6840 0.7800 0.7700 0.2080 0.1520 0.2840 0.1520 0.2600 0.1940
0.5540 0.6120 0.6040 0.6440 0.7440 0.6040 0.7100 0.6120 0.6120 0.7320 0.7160 0.7180 0.7580 0.7080 0.7800 0.1260 0.2540 0.1540 0.2620 0.1340
0.5320 0.5780 0.5740 0.6040 0.7460 0.5940 0.7000 0.5840 0.6180 0.7260 0.7440 0.6880 0.7520 0.7100 0.7800 0.7320 0.1980 0.1660 0.1740 0.1680
0.5340 0.6200 0.6200 0.6360 0.7780 0.6000 0.6600 0.6100 0.6220 0.7140 0.7340 0.7240 0.7480 0.6040 0.7340 0.6900 0.8180 0.1740 0.1300 0.1560
0.5600 0.6080 0.5920 0.6380 0.7220 0.6220 0.6620 0.6080 0.5960 0.6840 0.6780 0.6680 0.7200 0.6280 0.7120 0.6760 0.6980 0.7400 0.1520 0.1940
0.6000 0.6340 0.6420 0.6020 0.7860 0.6480 0.6920 0.5880 0.6140 0.6920 0.7660 0.6660 0.7500 0.6840 0.7420 0.6820 0.7700 0.7020 0.8620 0.1400
0.5860 0.6680 0.6700 0.6200 0.7860 0.6660 0.7280 0.6760 0.6240 0.7160 0.7640 0.7060 0.7340 0.6740 0.7220 0.6660 0.7320 0.7160 0.8240 0.8340

Final Accuracy: 0.7056
Backward: -0.0513
Forward:  0.0011
