0.1044 0.1118 0.0551 0.1256 0.0654 0.1134 0.1615 0.1458 0.1151 0.0813 0.1110 0.0915 0.1141 0.0718 0.1267 0.1509 0.0847 0.0691 0.1262 0.1114
|
0.9608 0.1170 0.1043 0.0771 0.0846 0.1071 0.1279 0.1079 0.1144 0.0692 0.0602 0.0913 0.1132 0.1135 0.1028 0.1125 0.1123 0.0811 0.1004 0.1024
0.9434 0.9579 0.0853 0.0597 0.0858 0.1187 0.1268 0.1231 0.0988 0.0711 0.0573 0.0825 0.0984 0.0645 0.0755 0.1084 0.0902 0.1227 0.0845 0.0874
0.9379 0.2387 0.9522 0.0984 0.1162 0.1033 0.1225 0.0543 0.1114 0.1236 0.0557 0.0909 0.0959 0.0672 0.0922 0.1005 0.0909 0.0946 0.0974 0.0960
0.9263 0.1791 0.1708 0.9509 0.0973 0.1151 0.1068 0.0956 0.0983 0.0849 0.0732 0.0758 0.1306 0.0649 0.0763 0.0703 0.0724 0.0944 0.1251 0.1027
0.9173 0.1591 0.3411 0.3079 0.9567 0.1110 0.0756 0.0702 0.1285 0.0698 0.0634 0.0939 0.1200 0.0740 0.0750 0.0923 0.0920 0.1294 0.0722 0.1053
0.9106 0.3000 0.3590 0.2024 0.4595 0.9553 0.1125 0.0945 0.0929 0.0744 0.0367 0.0865 0.0949 0.0884 0.0907 0.1018 0.0995 0.1244 0.1266 0.0777
0.8882 0.7147 0.7704 0.7088 0.7856 0.9148 0.9460 0.0840 0.1088 0.0553 0.0446 0.0855 0.0705 0.0789 0.1145 0.1037 0.0996 0.1337 0.1402 0.0771
0.8980 0.3015 0.4297 0.1513 0.4602 0.5389 0.6096 0.9492 0.0790 0.0940 0.0608 0.1031 0.0886 0.1097 0.1126 0.1202 0.0936 0.1126 0.1313 0.0806
0.9027 0.6400 0.6764 0.6243 0.6867 0.7960 0.8019 0.7145 0.9480 0.0787 0.0601 0.1140 0.0853 0.0993 0.0826 0.0973 0.1161 0.1251 0.1162 0.0834
0.8911 0.7143 0.8216 0.6521 0.7917 0.8219 0.6880 0.8250 0.8284 0.9460 0.0716 0.1083 0.0804 0.1057 0.0824 0.1043 0.1343 0.0970 0.1228 0.0913
0.8751 0.6915 0.7977 0.6761 0.7925 0.7759 0.7350 0.8198 0.8541 0.8238 0.9367 0.1492 0.0605 0.0964 0.0938 0.0681 0.1350 0.1311 0.1020 0.0747
0.8761 0.4402 0.5902 0.5811 0.5100 0.5775 0.5200 0.6562 0.7732 0.6205 0.6952 0.9460 0.1051 0.1183 0.0592 0.0871 0.1304 0.1121 0.0813 0.0749
0.8622 0.5622 0.6696 0.3778 0.7475 0.6055 0.5873 0.5952 0.6320 0.6808 0.5597 0.6804 0.9255 0.1033 0.0823 0.0751 0.0769 0.0876 0.1021 0.0989
0.8588 0.5130 0.6249 0.5454 0.5421 0.5372 0.5462 0.6696 0.5111 0.6200 0.5114 0.7905 0.6918 0.9195 0.0920 0.1012 0.1102 0.1000 0.0805 0.0933
0.8530 0.4796 0.6440 0.3304 0.4517 0.6223 0.4362 0.4126 0.3970 0.4369 0.3474 0.5934 0.4891 0.5646 0.9408 0.0955 0.1137 0.0655 0.0786 0.0923
0.8573 0.4130 0.4690 0.5719 0.5375 0.5723 0.5111 0.5791 0.6225 0.5439 0.5789 0.5622 0.6858 0.5543 0.6925 0.9441 0.1109 0.1157 0.1168 0.0939
0.8573 0.6093 0.6642 0.5695 0.5554 0.4287 0.5937 0.5278 0.6791 0.6287 0.7530 0.5451 0.6637 0.7569 0.7196 0.6600 0.9312 0.1045 0.1349 0.0870
0.8621 0.6495 0.5002 0.5350 0.4513 0.5362 0.5303 0.4894 0.5238 0.5351 0.6739 0.5573 0.6525 0.4682 0.4145 0.6187 0.7118 0.9379 0.1045 0.0817
0.8635 0.6720 0.7139 0.6722 0.6419 0.6723 0.7011 0.6370 0.6295 0.6288 0.7100 0.6718 0.7579 0.7900 0.7000 0.6730 0.8392 0.8417 0.9351 0.1055
0.8610 0.6637 0.6633 0.6917 0.6256 0.6882 0.7120 0.5778 0.5756 0.6574 0.7131 0.6965 0.8246 0.7969 0.7054 0.7229 0.7859 0.8107 0.7872 0.9324

Final Accuracy: 0.7246
Backward: -0.2190
Forward:  -0.0064
