0.1000 0.1000 0.1000 0.1320 0.1000 0.1000 0.1000 0.1080 0.1000 0.1040 0.1000 0.1000 0.1360 0.1120 0.1160 0.1000 0.1000 0.1040 0.0840 0.1120
|
0.1880 0.0680 0.0880 0.1400 0.0920 0.0760 0.1320 0.0760 0.1000 0.0960 0.0960 0.1160 0.0960 0.0840 0.0720 0.1000 0.1160 0.1040 0.1280 0.0720
0.2320 0.3400 0.0800 0.0720 0.0880 0.0720 0.1160 0.1400 0.1040 0.0920 0.1120 0.1160 0.0560 0.1040 0.0760 0.1000 0.1080 0.0600 0.0840 0.0360
0.2440 0.3800 0.3040 0.1240 0.0920 0.0720 0.1200 0.1240 0.1040 0.0680 0.1080 0.1560 0.0920 0.0960 0.0920 0.0880 0.1000 0.0640 0.1240 0.0480
0.2960 0.3480 0.2720 0.3240 0.0720 0.0760 0.1080 0.1360 0.1320 0.0920 0.0920 0.1320 0.1080 0.0680 0.1000 0.1280 0.1120 0.0560 0.0680 0.1080
0.2800 0.3400 0.2880 0.3400 0.3720 0.0800 0.1120 0.1200 0.0560 0.1000 0.0880 0.0880 0.1560 0.0760 0.0600 0.1040 0.1160 0.0880 0.1280 0.1400
0.3200 0.3360 0.2800 0.3600 0.3640 0.3400 0.1200 0.1120 0.0880 0.1120 0.0800 0.1240 0.1160 0.1120 0.0640 0.1000 0.1400 0.0760 0.0920 0.1200
0.3120 0.3280 0.2720 0.3040 0.3320 0.3280 0.2960 0.0880 0.0960 0.1040 0.0920 0.0520 0.1360 0.1040 0.0960 0.1120 0.1120 0.0760 0.0920 0.1280
0.2920 0.2920 0.2840 0.3160 0.4080 0.3160 0.2480 0.3640 0.0720 0.1120 0.1040 0.0920 0.0920 0.0800 0.0680 0.1040 0.1200 0.0840 0.1000 0.1160
0.3120 0.3200 0.3040 0.3160 0.3240 0.3280 0.3040 0.4320 0.3480 0.1240 0.1080 0.0840 0.1000 0.1080 0.0880 0.0800 0.1120 0.0920 0.1120 0.1440
0.2760 0.3800 0.2800 0.2840 0.3440 0.2600 0.2720 0.4160 0.3800 0.4320 0.1080 0.0760 0.0880 0.0720 0.1080 0.0880 0.1160 0.0840 0.0960 0.1880
0.3280 0.3600 0.2760 0.3160 0.3360 0.2720 0.2600 0.3520 0.4000 0.4520 0.4080 0.1160 0.1200 0.0880 0.1360 0.0840 0.1000 0.0760 0.0960 0.1640
0.3000 0.3360 0.2560 0.3280 0.3440 0.2560 0.2920 0.3880 0.3880 0.4760 0.4360 0.4760 0.1520 0.1040 0.1000 0.0760 0.1000 0.0680 0.0600 0.1760
0.3360 0.3200 0.3120 0.3360 0.3000 0.3240 0.3440 0.4040 0.3880 0.4520 0.3960 0.5480 0.4120 0.0840 0.1080 0.0840 0.1360 0.0880 0.0760 0.1760
0.3160 0.3520 0.2720 0.3440 0.3240 0.3240 0.3120 0.3760 0.3680 0.4480 0.3720 0.5080 0.4160 0.3240 0.0840 0.0680 0.1160 0.1080 0.0520 0.1360
0.2800 0.3000 0.2960 0.3280 0.3480 0.2680 0.3200 0.3480 0.3640 0.4120 0.4440 0.5240 0.4040 0.3760 0.4520 0.1040 0.1200 0.1040 0.0680 0.1160
0.2880 0.3240 0.2800 0.3400 0.3360 0.2840 0.3400 0.4160 0.3800 0.4320 0.4240 0.5080 0.4120 0.3720 0.4520 0.3920 0.1240 0.0680 0.0840 0.1240
0.2680 0.3240 0.2840 0.3280 0.3040 0.2920 0.3720 0.3800 0.3920 0.4320 0.3960 0.5080 0.3720 0.3200 0.4440 0.4400 0.4840 0.1120 0.0920 0.1040
0.3400 0.3120 0.3040 0.3800 0.3240 0.3120 0.3560 0.3720 0.3800 0.3880 0.4280 0.5240 0.3920 0.3200 0.4400 0.4480 0.5160 0.4480 0.1000 0.1080
0.3120 0.3360 0.3000 0.3120 0.3480 0.2960 0.3400 0.3680 0.4200 0.4240 0.3880 0.5000 0.3840 0.3520 0.4080 0.4240 0.5040 0.4880 0.3920 0.1120
0.2840 0.3560 0.2920 0.3080 0.3200 0.2840 0.3640 0.4040 0.3920 0.4280 0.4520 0.4960 0.3320 0.3400 0.3760 0.3880 0.4440 0.4840 0.3600 0.5240

Final Accuracy: 0.3814
Backward: 0.0004
Forward:  -0.0042
